0 83.4094551282 89.3669871795
1 93.7419871795 90.4487179487
2 98.0328525641 90.3605769231
3 99.7676282051 90.4647435897
4 99.9959935897 90.5248397436
5 99.9959935897 90.4166666667
6 100.0 90.4086538462
7 100.0 90.3926282051
8 100.0 90.3044871795
9 100.0 90.3445512821
10 100.0 90.3445512821
11 100.0 90.3365384615
12 100.0 90.3044871795
13 100.0 90.3004807692
14 100.0 90.2844551282
15 100.0 90.2564102564
16 100.0 90.2724358974
17 100.0 90.2844551282
18 100.0 90.2443910256
19 100.0 90.2403846154
20 100.0 90.2363782051
21 100.0 90.2203525641
22 100.0 90.2443910256
23 100.0 90.2483974359
24 100.0 90.2283653846
25 100.0 90.2283653846
26 100.0 90.2323717949
27 100.0 90.2363782051
28 100.0 90.2283653846
29 100.0 90.2283653846
30 100.0 90.2323717949
31 100.0 90.2443910256
32 100.0 90.2363782051
33 100.0 90.2163461538
34 100.0 90.2323717949
35 100.0 90.2083333333
36 100.0 90.2123397436
37 100.0 90.2243589744
38 100.0 90.2083333333
39 100.0 90.2203525641
40 100.0 90.2083333333
41 100.0 90.2043269231
42 100.0 90.1963141026
43 100.0 90.2163461538
44 100.0 90.1923076923
45 100.0 90.2043269231
46 100.0 90.1883012821
47 100.0 90.1883012821
48 100.0 90.1762820513
49 100.0 90.1802884615
50 100.0 90.1682692308
51 100.0 90.1802884615
52 100.0 90.172275641
53 100.0 90.1602564103
54 100.0 90.1682692308
55 100.0 90.172275641
56 100.0 90.1362179487
57 100.0 90.1362179487
58 100.0 90.1322115385
59 100.0 90.1241987179
60 100.0 90.1081730769
61 100.0 90.1081730769
62 100.0 90.1282051282
63 100.0 90.1041666667
64 100.0 90.1041666667
65 100.0 90.0881410256
66 100.0 90.0841346154
67 100.0 90.0801282051
68 100.0 90.0841346154
69 100.0 90.0641025641
70 100.0 90.0600961538
71 100.0 90.0681089744
72 100.0 90.1041666667
73 100.0 90.0681089744
74 100.0 90.0801282051
75 100.0 90.0761217949
76 100.0 90.0600961538
77 100.0 90.0520833333
78 100.0 90.0801282051
79 100.0 90.0560897436
80 100.0 90.0480769231
81 100.0 90.0520833333
82 100.0 90.0520833333
83 100.0 90.0641025641
84 100.0 90.0600961538
85 100.0 90.0480769231
86 100.0 90.0681089744
87 100.0 90.0480769231
88 100.0 90.0600961538
89 100.0 90.0641025641
90 100.0 90.0641025641
91 100.0 90.0681089744
92 100.0 90.0641025641
93 100.0 90.0520833333
94 100.0 90.0600961538
95 100.0 90.0440705128
96 100.0 90.0320512821
97 100.0 90.0641025641
98 100.0 90.0480769231
99 100.0 90.0520833333
