0 83.1610576923 88.4254807692
1 90.8533653846 88.0649038462
2 94.1145833333 89.0584935897
3 96.2580128205 88.7820512821
4 97.6081730769 88.1570512821
5 98.733974359 88.0288461538
6 99.3028846154 87.984775641
7 99.0584935897 87.1634615385
8 98.8261217949 87.3317307692
9 98.6818910256 87.4519230769
10 98.5376602564 86.9391025641
11 99.4431089744 87.7804487179
12 99.8157051282 88.0849358974
13 99.9799679487 87.8165064103
14 100.0 88.2091346154
15 100.0 88.28125
16 100.0 88.2892628205
17 100.0 88.3413461538
18 100.0 88.3333333333
19 100.0 88.3373397436
20 100.0 88.3213141026
21 100.0 88.3373397436
22 100.0 88.3373397436
23 100.0 88.3213141026
24 100.0 88.3333333333
25 100.0 88.3092948718
26 100.0 88.2932692308
27 100.0 88.2852564103
28 100.0 88.2892628205
29 100.0 88.2772435897
30 100.0 88.2732371795
31 100.0 88.2612179487
32 100.0 88.2692307692
33 100.0 88.2411858974
34 100.0 88.2491987179
35 100.0 88.2251602564
36 100.0 88.2091346154
37 100.0 88.2091346154
38 100.0 88.2131410256
39 100.0 88.1931089744
40 100.0 88.2291666667
41 100.0 88.2491987179
42 100.0 88.2211538462
43 100.0 88.2331730769
44 100.0 88.2411858974
45 100.0 88.2331730769
46 100.0 88.2131410256
47 100.0 88.2371794872
48 100.0 88.2131410256
49 100.0 88.2131410256
50 100.0 88.2011217949
51 100.0 88.2211538462
52 100.0 88.1891025641
53 100.0 88.2171474359
54 100.0 88.2051282051
55 100.0 88.2011217949
56 100.0 88.1931089744
57 100.0 88.1931089744
58 100.0 88.1730769231
59 100.0 88.1931089744
60 100.0 88.1891025641
61 100.0 88.1770833333
62 100.0 88.1770833333
63 100.0 88.1690705128
64 100.0 88.1530448718
65 100.0 88.1450320513
66 100.0 88.1209935897
67 100.0 88.1169871795
68 100.0 88.1209935897
69 100.0 88.1370192308
70 100.0 88.1169871795
71 100.0 88.1290064103
72 100.0 88.1009615385
73 100.0 88.0969551282
74 100.0 88.0969551282
75 100.0 88.0969551282
76 100.0 88.0969551282
77 100.0 88.0849358974
78 100.0 88.0809294872
79 100.0 88.0729166667
80 100.0 88.1009615385
81 100.0 88.0969551282
82 100.0 88.0608974359
83 100.0 88.0608974359
84 100.0 88.0608974359
85 100.0 88.0729166667
86 100.0 88.0809294872
87 100.0 88.0809294872
88 100.0 88.1049679487
89 100.0 88.0769230769
90 100.0 88.0969551282
91 100.0 88.0729166667
92 100.0 88.0889423077
93 100.0 88.0809294872
94 100.0 88.1009615385
95 100.0 88.1049679487
96 100.0 88.0969551282
97 100.0 88.0969551282
98 100.0 88.0849358974
99 100.0 88.0849358974
