0 82.34375 89.391025641
1 93.4575320513 90.4286858974
2 97.8766025641 90.0520833333
3 99.7195512821 90.5568910256
4 99.9799679487 90.4607371795
5 99.9959935897 90.4767628205
6 100.0 90.4447115385
7 100.0 90.3886217949
8 100.0 90.3605769231
9 100.0 90.3645833333
10 100.0 90.3445512821
11 100.0 90.3525641026
12 100.0 90.3445512821
13 100.0 90.3205128205
14 100.0 90.328525641
15 100.0 90.3365384615
16 100.0 90.2764423077
17 100.0 90.2804487179
18 100.0 90.2924679487
19 100.0 90.2924679487
20 100.0 90.2844551282
21 100.0 90.2724358974
22 100.0 90.2884615385
23 100.0 90.2644230769
24 100.0 90.2604166667
25 100.0 90.2564102564
26 100.0 90.2684294872
27 100.0 90.2564102564
28 100.0 90.2443910256
29 100.0 90.2403846154
30 100.0 90.2483974359
31 100.0 90.2283653846
32 100.0 90.2363782051
33 100.0 90.2243589744
34 100.0 90.2443910256
35 100.0 90.2163461538
36 100.0 90.1923076923
37 100.0 90.2083333333
38 100.0 90.2003205128
39 100.0 90.2003205128
40 100.0 90.172275641
41 100.0 90.1682692308
42 100.0 90.15625
43 100.0 90.1362179487
44 100.0 90.1442307692
45 100.0 90.1442307692
46 100.0 90.1362179487
47 100.0 90.1642628205
48 100.0 90.1442307692
49 100.0 90.15625
50 100.0 90.1362179487
51 100.0 90.1522435897
52 100.0 90.1482371795
53 100.0 90.1241987179
54 100.0 90.1201923077
55 100.0 90.1201923077
56 100.0 90.1081730769
57 100.0 90.0881410256
58 100.0 90.1041666667
59 100.0 90.1241987179
60 100.0 90.0681089744
61 100.0 90.0761217949
62 100.0 90.1081730769
63 100.0 90.0881410256
64 100.0 90.0881410256
65 100.0 90.0841346154
66 100.0 90.0841346154
67 100.0 90.0801282051
68 100.0 90.0801282051
69 100.0 90.0641025641
70 100.0 90.0841346154
71 100.0 90.0801282051
72 100.0 90.0681089744
73 100.0 90.0641025641
74 100.0 90.0721153846
75 100.0 90.0520833333
76 100.0 90.0600961538
77 100.0 90.0641025641
78 100.0 90.0560897436
79 100.0 90.0641025641
80 100.0 90.0560897436
81 100.0 90.0360576923
82 100.0 90.0520833333
83 100.0 90.0520833333
84 100.0 90.0520833333
85 100.0 90.0440705128
86 100.0 90.0520833333
87 100.0 90.0400641026
88 100.0 90.0440705128
89 100.0 90.0360576923
90 100.0 90.0560897436
91 100.0 90.0320512821
92 100.0 90.016025641
93 100.0 90.0200320513
94 100.0 90.0360576923
95 100.0 90.0320512821
96 100.0 90.0320512821
97 100.0 90.0280448718
98 100.0 90.0320512821
99 100.0 90.0320512821
