0 82.2516025641 89.5673076923
1 93.4615384615 90.5128205128
2 97.8846153846 90.5528846154
3 99.7435897436 90.0600961538
4 99.983974359 90.3325320513
5 100.0 90.2684294872
6 100.0 90.2283653846
7 100.0 90.2243589744
8 100.0 90.2163461538
9 100.0 90.172275641
10 100.0 90.172275641
11 100.0 90.15625
12 100.0 90.1201923077
13 100.0 90.140224359
14 100.0 90.1282051282
15 100.0 90.0961538462
16 100.0 90.1001602564
17 100.0 90.0761217949
18 100.0 90.0400641026
19 100.0 90.0600961538
20 100.0 90.0440705128
21 100.0 90.0280448718
22 100.0 90.0280448718
23 100.0 90.0240384615
24 100.0 90.0320512821
25 100.0 90.0040064103
26 100.0 89.983974359
27 100.0 90.0120192308
28 100.0 89.9759615385
29 100.0 89.9879807692
30 100.0 89.9919871795
31 100.0 89.983974359
32 100.0 89.9719551282
33 100.0 89.9679487179
34 100.0 89.9559294872
35 100.0 89.9639423077
36 100.0 89.9599358974
37 100.0 89.9479166667
38 100.0 89.9278846154
39 100.0 89.9439102564
40 100.0 89.9118589744
41 100.0 89.9318910256
42 100.0 89.9238782051
43 100.0 89.9198717949
44 100.0 89.9078525641
45 100.0 89.9198717949
46 100.0 89.9078525641
47 100.0 89.9158653846
48 100.0 89.8998397436
49 100.0 89.9078525641
50 100.0 89.8838141026
51 100.0 89.8798076923
52 100.0 89.8758012821
53 100.0 89.8798076923
54 100.0 89.8637820513
55 100.0 89.8557692308
56 100.0 89.859775641
57 100.0 89.8477564103
58 100.0 89.84375
59 100.0 89.8477564103
60 100.0 89.8477564103
61 100.0 89.8397435897
62 100.0 89.8397435897
63 100.0 89.8197115385
64 100.0 89.8076923077
65 100.0 89.8116987179
66 100.0 89.8317307692
67 100.0 89.8076923077
68 100.0 89.8116987179
69 100.0 89.7956730769
70 100.0 89.8076923077
71 100.0 89.7996794872
72 100.0 89.8116987179
73 100.0 89.7876602564
74 100.0 89.7916666667
75 100.0 89.7796474359
76 100.0 89.7836538462
77 100.0 89.7876602564
78 100.0 89.7836538462
79 100.0 89.7716346154
80 100.0 89.7636217949
81 100.0 89.7796474359
82 100.0 89.7756410256
83 100.0 89.7676282051
84 100.0 89.7916666667
85 100.0 89.7836538462
86 100.0 89.7996794872
87 100.0 89.7876602564
88 100.0 89.7556089744
89 100.0 89.7435897436
90 100.0 89.7916666667
91 100.0 89.7516025641
92 100.0 89.7596153846
93 100.0 89.7596153846
94 100.0 89.7676282051
95 100.0 89.7435897436
96 100.0 89.7716346154
97 100.0 89.7636217949
98 100.0 89.7475961538
99 100.0 89.7516025641
