0 83.2491987179 89.3149038462
1 93.5216346154 90.2243589744
2 98.0048076923 90.5969551282
3 99.7956730769 90.4366987179
4 99.9959935897 90.5048076923
5 100.0 90.5008012821
6 100.0 90.46875
7 100.0 90.46875
8 100.0 90.4206730769
9 100.0 90.4046474359
10 100.0 90.3806089744
11 100.0 90.3525641026
12 100.0 90.3846153846
13 100.0 90.3886217949
14 100.0 90.2764423077
15 100.0 90.328525641
16 100.0 90.3004807692
17 100.0 90.3325320513
18 100.0 90.3004807692
19 100.0 90.2283653846
20 100.0 90.2524038462
21 100.0 90.2724358974
22 100.0 90.2644230769
23 100.0 90.2483974359
24 100.0 90.2483974359
25 100.0 90.2403846154
26 100.0 90.2283653846
27 100.0 90.2123397436
28 100.0 90.2043269231
29 100.0 90.1883012821
30 100.0 90.1802884615
31 100.0 90.1842948718
32 100.0 90.1682692308
33 100.0 90.172275641
34 100.0 90.172275641
35 100.0 90.1482371795
36 100.0 90.140224359
37 100.0 90.1522435897
38 100.0 90.1522435897
39 100.0 90.1282051282
40 100.0 90.1362179487
41 100.0 90.1522435897
42 100.0 90.1362179487
43 100.0 90.1081730769
44 100.0 90.1121794872
45 100.0 90.1041666667
46 100.0 90.1161858974
47 100.0 90.1001602564
48 100.0 90.0841346154
49 100.0 90.0921474359
50 100.0 90.0961538462
51 100.0 90.0921474359
52 100.0 90.0961538462
53 100.0 90.1081730769
54 100.0 90.0961538462
55 100.0 90.1001602564
56 100.0 90.1201923077
57 100.0 90.1041666667
58 100.0 90.1161858974
59 100.0 90.0721153846
60 100.0 90.0921474359
61 100.0 90.0961538462
62 100.0 90.0881410256
63 100.0 90.0761217949
64 100.0 90.0841346154
65 100.0 90.1041666667
66 100.0 90.1161858974
67 100.0 90.0761217949
68 100.0 90.1001602564
69 100.0 90.0641025641
70 100.0 90.0881410256
71 100.0 90.0921474359
72 100.0 90.0801282051
73 100.0 90.0921474359
74 100.0 90.0761217949
75 100.0 90.0921474359
76 100.0 90.0761217949
77 100.0 90.0881410256
78 100.0 90.1001602564
79 100.0 90.0921474359
80 100.0 90.1081730769
81 100.0 90.0921474359
82 100.0 90.1041666667
83 100.0 90.0761217949
84 100.0 90.0841346154
85 100.0 90.0881410256
86 100.0 90.1201923077
87 100.0 90.1121794872
88 100.0 90.1001602564
89 100.0 90.0961538462
90 100.0 90.1121794872
91 100.0 90.1041666667
92 100.0 90.0961538462
93 100.0 90.0801282051
94 100.0 90.1041666667
95 100.0 90.0961538462
96 100.0 90.0961538462
97 100.0 90.0961538462
98 100.0 90.0841346154
99 100.0 90.0761217949
