0 0.0954
10 0.6649
20 0.7773
30 0.8383
40 0.865
50 0.8834
60 0.8942
70 0.8982
80 0.9091
90 0.9041
100 0.9065
110 0.9068
120 0.9176
130 0.9177
140 0.9224
150 0.9241
160 0.9281
170 0.9287
180 0.9281
190 0.9305
200 0.9341
210 0.9298
220 0.9348
230 0.9337
240 0.9342
250 0.9404
260 0.9368
270 0.9367
280 0.9407
290 0.9417
300 0.9416
310 0.9443
320 0.9443
330 0.9456
340 0.947
350 0.9456
360 0.948
370 0.9468
380 0.9502
390 0.9507
400 0.9491
410 0.9486
420 0.9513
430 0.9508
440 0.9518
450 0.9562
460 0.9568
470 0.9526
480 0.9543
490 0.9532
500 0.947
510 0.9538
520 0.9555
530 0.955
540 0.9572
550 0.9587
560 0.9575
570 0.9587
580 0.9585
590 0.9592
600 0.9588
610 0.9602
620 0.9592
630 0.96
640 0.9614
650 0.9634
660 0.9601
670 0.9633
680 0.96
690 0.9611
700 0.9611
710 0.9624
720 0.9629
730 0.9635
740 0.9624
750 0.9626
760 0.9623
770 0.9616
780 0.9651
790 0.9626
800 0.9646
810 0.9648
820 0.966
830 0.9653
840 0.9632
850 0.9649
860 0.9649
870 0.9642
880 0.9654
890 0.9622
900 0.9667
910 0.9647
920 0.968
930 0.9678
940 0.9675
950 0.9687
960 0.9652
970 0.9666
980 0.9674
990 0.9678
