0 0.1159
10 0.5628
20 0.8003
30 0.825
40 0.8529
50 0.8635
60 0.8722
70 0.8846
80 0.8895
90 0.898
100 0.8982
110 0.9031
120 0.8914
130 0.9069
140 0.8942
150 0.9129
160 0.9001
170 0.9103
180 0.9159
190 0.908
200 0.9205
210 0.917
220 0.9231
230 0.9218
240 0.9178
250 0.9265
260 0.9283
270 0.918
280 0.9278
290 0.922
300 0.929
310 0.9291
320 0.9298
330 0.926
340 0.9325
350 0.9325
360 0.9321
370 0.9313
380 0.9285
390 0.9367
400 0.9343
410 0.9382
420 0.9378
430 0.941
440 0.9409
450 0.9414
460 0.9397
470 0.9401
480 0.9413
490 0.9345
500 0.9408
510 0.946
520 0.9402
530 0.9465
540 0.9425
550 0.9505
560 0.9487
570 0.9485
580 0.9496
590 0.9474
600 0.9511
610 0.949
620 0.9498
630 0.9504
640 0.9515
650 0.9512
660 0.9469
670 0.954
680 0.9524
690 0.9496
700 0.9525
710 0.9535
720 0.9536
730 0.9534
740 0.9581
750 0.9588
760 0.9534
770 0.9555
780 0.9564
790 0.9568
800 0.9586
810 0.9545
820 0.9534
830 0.9573
840 0.9595
850 0.9585
860 0.9567
870 0.959
880 0.9607
890 0.9588
900 0.9591
910 0.9591
920 0.9562
930 0.9585
940 0.9592
950 0.9587
960 0.9618
970 0.9613
980 0.9612
990 0.9573
