0 0.115
10 0.6443
20 0.6618
30 0.7473
40 0.797
50 0.8038
60 0.7893
70 0.8318
80 0.8326
90 0.8524
100 0.8493
110 0.8702
120 0.8655
130 0.8705
140 0.8713
150 0.874
160 0.8791
170 0.8943
180 0.8802
190 0.8929
200 0.8931
210 0.8831
220 0.8993
230 0.8981
240 0.8889
250 0.901
260 0.9001
270 0.9012
280 0.9072
290 0.9069
300 0.9101
310 0.9101
320 0.9112
330 0.9083
340 0.9151
350 0.9167
360 0.9092
370 0.9155
380 0.9221
390 0.9206
400 0.9231
410 0.9211
420 0.9231
430 0.9235
440 0.9228
450 0.92
460 0.9246
470 0.9306
480 0.9239
490 0.9303
500 0.928
510 0.9265
520 0.9302
530 0.9305
540 0.9293
550 0.9305
560 0.9289
570 0.9323
580 0.9349
590 0.9356
600 0.9348
610 0.9393
620 0.9303
630 0.9357
640 0.9357
650 0.9377
660 0.939
670 0.9317
680 0.9373
690 0.9283
700 0.9384
710 0.937
720 0.9374
730 0.9411
740 0.9416
750 0.9407
760 0.9382
770 0.9381
780 0.9424
790 0.9421
800 0.9419
810 0.9441
820 0.9376
830 0.9389
840 0.942
850 0.9453
860 0.942
870 0.9422
880 0.946
890 0.9442
900 0.9439
910 0.946
920 0.9467
930 0.942
940 0.9452
950 0.9482
960 0.9436
970 0.9459
980 0.949
990 0.9485
