0 0.0305
10 0.711
20 0.8123
30 0.8609
40 0.8788
50 0.887
60 0.8958
70 0.9024
80 0.9072
90 0.9122
100 0.9105
110 0.9157
120 0.9189
130 0.9243
140 0.9271
150 0.9273
160 0.9242
170 0.9287
180 0.9285
190 0.9351
200 0.9299
210 0.9349
220 0.9325
230 0.9359
240 0.9331
250 0.941
260 0.9383
270 0.9405
280 0.9454
290 0.9448
300 0.9456
310 0.9473
320 0.9473
330 0.9471
340 0.947
350 0.9471
360 0.949
370 0.9501
380 0.9486
390 0.951
400 0.9511
410 0.9517
420 0.9498
430 0.9503
440 0.9516
450 0.9535
460 0.9497
470 0.9555
480 0.9548
490 0.952
500 0.9531
510 0.9597
520 0.9584
530 0.957
540 0.9561
550 0.9563
560 0.9592
570 0.9539
580 0.9578
590 0.9564
600 0.9598
610 0.9597
620 0.9579
630 0.9592
640 0.9612
650 0.9637
660 0.9614
670 0.9624
680 0.9639
690 0.9609
700 0.9595
710 0.9625
720 0.9621
730 0.9635
740 0.9641
750 0.9657
760 0.9646
770 0.9629
780 0.9656
790 0.9647
800 0.965
810 0.9651
820 0.965
830 0.9671
840 0.9648
850 0.9673
860 0.9683
870 0.9641
880 0.9642
890 0.9669
900 0.9655
910 0.9684
920 0.9668
930 0.9668
940 0.9692
950 0.9688
960 0.968
970 0.9673
980 0.9683
990 0.9694
