0 0.0655
10 0.7473
20 0.8181
30 0.8652
40 0.8807
50 0.892
60 0.901
70 0.904
80 0.9133
90 0.9153
100 0.9156
110 0.9189
120 0.9235
130 0.9232
140 0.9267
150 0.9223
160 0.9323
170 0.9337
180 0.9285
190 0.9324
200 0.933
210 0.9323
220 0.9354
230 0.9384
240 0.94
250 0.9401
260 0.9422
270 0.9415
280 0.9441
290 0.9444
300 0.9461
310 0.9488
320 0.9423
330 0.9491
340 0.9471
350 0.9499
360 0.9509
370 0.9513
380 0.9541
390 0.9528
400 0.9506
410 0.9506
420 0.9536
430 0.9548
440 0.9568
450 0.9593
460 0.9556
470 0.9547
480 0.9527
490 0.9567
500 0.9567
510 0.9563
520 0.958
530 0.9575
540 0.9601
550 0.9549
560 0.9608
570 0.9583
580 0.9553
590 0.9587
600 0.9591
610 0.9597
620 0.9618
630 0.96
640 0.9628
650 0.9636
660 0.9642
670 0.9642
680 0.9639
690 0.9627
700 0.9659
710 0.9649
720 0.9657
730 0.9615
740 0.9646
750 0.9649
760 0.9655
770 0.9643
780 0.9621
790 0.9622
800 0.9649
810 0.9622
820 0.9627
830 0.9651
840 0.9649
850 0.9645
860 0.9665
870 0.9668
880 0.9677
890 0.9658
900 0.9672
910 0.9657
920 0.9659
930 0.9655
940 0.9649
950 0.967
960 0.9654
970 0.9689
980 0.9698
990 0.9691
