0 0.1478
10 0.7277
20 0.8297
30 0.862
40 0.8825
50 0.8953
60 0.9013
70 0.9015
80 0.9084
90 0.914
100 0.9144
110 0.9199
120 0.924
130 0.9239
140 0.9259
150 0.9281
160 0.932
170 0.9334
180 0.9326
190 0.9305
200 0.9314
210 0.9286
220 0.9358
230 0.9348
240 0.9357
250 0.9388
260 0.9363
270 0.9392
280 0.9396
290 0.9396
300 0.9394
310 0.9426
320 0.9457
330 0.9473
340 0.9505
350 0.9473
360 0.9502
370 0.9484
380 0.95
390 0.9481
400 0.9512
410 0.9536
420 0.9504
430 0.9539
440 0.952
450 0.9519
460 0.9535
470 0.9579
480 0.9576
490 0.9591
500 0.9595
510 0.9556
520 0.9574
530 0.9539
540 0.9573
550 0.9574
560 0.9572
570 0.9577
580 0.9564
590 0.9587
600 0.9566
610 0.9614
620 0.9595
630 0.9602
640 0.9599
650 0.9611
660 0.9614
670 0.961
680 0.961
690 0.9607
700 0.9593
710 0.9596
720 0.962
730 0.963
740 0.9633
750 0.9624
760 0.9643
770 0.9631
780 0.9637
790 0.9647
800 0.9622
810 0.9639
820 0.9634
830 0.9642
840 0.966
850 0.9648
860 0.9651
870 0.9638
880 0.9614
890 0.9637
900 0.9655
910 0.9665
920 0.9681
930 0.9669
940 0.9666
950 0.9683
960 0.968
970 0.9681
980 0.9678
990 0.9681
