0 0.098
10 0.7266
20 0.8228
30 0.8577
40 0.8782
50 0.889
60 0.9012
70 0.9061
80 0.9084
90 0.9122
100 0.9129
110 0.9212
120 0.9193
130 0.9259
140 0.9288
150 0.9285
160 0.9274
170 0.9304
180 0.9336
190 0.9368
200 0.9355
210 0.9355
220 0.9371
230 0.9395
240 0.9412
250 0.9371
260 0.9413
270 0.9433
280 0.9463
290 0.9455
300 0.9468
310 0.9454
320 0.9474
330 0.9467
340 0.9453
350 0.9498
360 0.9435
370 0.9458
380 0.9482
390 0.9517
400 0.9493
410 0.9479
420 0.9518
430 0.9535
440 0.9499
450 0.9564
460 0.953
470 0.9553
480 0.9562
490 0.956
500 0.9586
510 0.9559
520 0.9583
530 0.956
540 0.9579
550 0.9503
560 0.9548
570 0.959
580 0.9599
590 0.9611
600 0.9607
610 0.9637
620 0.9619
630 0.9621
640 0.9622
650 0.9633
660 0.9643
670 0.9627
680 0.965
690 0.961
700 0.9635
710 0.963
720 0.9637
730 0.9642
740 0.9651
750 0.9628
760 0.963
770 0.9652
780 0.9676
790 0.9656
800 0.9648
810 0.9658
820 0.9655
830 0.9659
840 0.9666
850 0.9667
860 0.9687
870 0.9681
880 0.9642
890 0.9667
900 0.966
910 0.9643
920 0.9644
930 0.9662
940 0.9666
950 0.9663
960 0.9691
970 0.9689
980 0.9685
990 0.9696
