0 0.1012
10 0.7228
20 0.8275
30 0.8683
40 0.8852
50 0.8931
60 0.8958
70 0.8979
80 0.9078
90 0.9098
100 0.906
110 0.9177
120 0.9172
130 0.917
140 0.924
150 0.9252
160 0.9252
170 0.9239
180 0.9254
190 0.934
200 0.9346
210 0.9276
220 0.923
230 0.9329
240 0.9321
250 0.9363
260 0.9396
270 0.9369
280 0.9397
290 0.9442
300 0.9404
310 0.9406
320 0.9415
330 0.9397
340 0.9448
350 0.9487
360 0.9452
370 0.9492
380 0.9514
390 0.9508
400 0.9529
410 0.9528
420 0.9503
430 0.9474
440 0.9503
450 0.9513
460 0.948
470 0.9524
480 0.9493
490 0.9486
500 0.9513
510 0.954
520 0.9551
530 0.9552
540 0.9567
550 0.9574
560 0.9574
570 0.9587
580 0.9562
590 0.9595
600 0.9562
610 0.9592
620 0.9588
630 0.9614
640 0.9627
650 0.9598
660 0.9611
670 0.962
680 0.9624
690 0.9619
700 0.9611
710 0.9609
720 0.962
730 0.9618
740 0.9638
750 0.9618
760 0.9637
770 0.9632
780 0.9609
790 0.9613
800 0.964
810 0.9631
820 0.9635
830 0.9643
840 0.9652
850 0.9615
860 0.9656
870 0.9653
880 0.9624
890 0.9661
900 0.9625
910 0.9654
920 0.9671
930 0.9671
940 0.967
950 0.9679
960 0.9671
970 0.968
980 0.9687
990 0.9656
