0 0.1116
10 0.6874
20 0.8291
30 0.8536
40 0.8767
50 0.8821
60 0.8938
70 0.9001
80 0.8984
90 0.9091
100 0.9015
110 0.9141
120 0.915
130 0.9121
140 0.9194
150 0.9239
160 0.9229
170 0.9281
180 0.9222
190 0.9215
200 0.9318
210 0.9269
220 0.9275
230 0.9344
240 0.9318
250 0.9333
260 0.9323
270 0.9335
280 0.9364
290 0.9371
300 0.9283
310 0.939
320 0.9358
330 0.9415
340 0.9431
350 0.9421
360 0.937
370 0.9414
380 0.945
390 0.9445
400 0.9453
410 0.9458
420 0.9455
430 0.948
440 0.9455
450 0.9471
460 0.9449
470 0.9482
480 0.9512
490 0.9482
500 0.9505
510 0.9479
520 0.9543
530 0.95
540 0.9552
550 0.9522
560 0.9522
570 0.9523
580 0.9547
590 0.956
600 0.9559
610 0.9573
620 0.9564
630 0.9546
640 0.9555
650 0.9549
660 0.9575
670 0.9504
680 0.9601
690 0.9598
700 0.9595
710 0.9563
720 0.9554
730 0.9587
740 0.9596
750 0.9601
760 0.9522
770 0.9568
780 0.9577
790 0.9601
800 0.9595
810 0.9595
820 0.9599
830 0.9618
840 0.9624
850 0.9617
860 0.9625
870 0.9612
880 0.9641
890 0.9646
900 0.9615
910 0.9639
920 0.9654
930 0.9628
940 0.9659
950 0.9644
960 0.965
970 0.9652
980 0.9655
990 0.9642
