0 0.098
10 0.098
20 0.098
30 0.098
40 0.098
50 0.098
60 0.098
70 0.098
80 0.098
90 0.098
100 0.098
110 0.098
120 0.098
130 0.098
140 0.098
150 0.098
160 0.098
170 0.098
180 0.098
190 0.098
200 0.098
210 0.098
220 0.098
230 0.098
240 0.098
250 0.098
260 0.098
270 0.098
280 0.098
290 0.098
300 0.098
310 0.098
320 0.098
330 0.098
340 0.098
350 0.098
360 0.098
370 0.098
380 0.098
390 0.098
400 0.098
410 0.098
420 0.098
430 0.098
440 0.098
450 0.098
460 0.098
470 0.098
480 0.098
490 0.098
500 0.098
510 0.098
520 0.098
530 0.098
540 0.098
550 0.098
560 0.098
570 0.098
580 0.098
590 0.098
600 0.098
610 0.098
620 0.098
630 0.098
640 0.098
650 0.098
660 0.098
670 0.098
680 0.098
690 0.098
700 0.098
710 0.098
720 0.098
730 0.098
740 0.098
750 0.098
760 0.098
770 0.098
780 0.098
790 0.098
800 0.098
810 0.098
820 0.098
830 0.098
840 0.098
850 0.098
860 0.098
870 0.098
880 0.098
890 0.098
900 0.098
910 0.098
920 0.098
930 0.098
940 0.098
950 0.098
960 0.098
970 0.098
980 0.098
990 0.098
