0 0.165
10 0.7325
20 0.8417
30 0.8663
40 0.8786
50 0.8931
60 0.8963
70 0.9077
80 0.9082
90 0.9116
100 0.9139
110 0.9229
120 0.9191
130 0.9238
140 0.9297
150 0.929
160 0.929
170 0.9316
180 0.9332
190 0.9374
200 0.9342
210 0.9372
220 0.9381
230 0.9355
240 0.94
250 0.9417
260 0.9397
270 0.9363
280 0.9414
290 0.943
300 0.9433
310 0.9424
320 0.9444
330 0.9442
340 0.9475
350 0.9491
360 0.9471
370 0.9494
380 0.947
390 0.9496
400 0.9526
410 0.952
420 0.9537
430 0.9542
440 0.9519
450 0.9529
460 0.9542
470 0.9574
480 0.9571
490 0.9568
500 0.9565
510 0.9569
520 0.9543
530 0.957
540 0.9574
550 0.958
560 0.9582
570 0.9601
580 0.9558
590 0.9573
600 0.9606
610 0.9614
620 0.961
630 0.9619
640 0.9611
650 0.9596
660 0.9594
670 0.9597
680 0.9615
690 0.9606
700 0.9565
710 0.9645
720 0.9606
730 0.964
740 0.9636
750 0.9639
760 0.9646
770 0.9647
780 0.9644
790 0.9657
800 0.9643
810 0.9649
820 0.9661
830 0.9656
840 0.9666
850 0.9655
860 0.9664
870 0.9659
880 0.9654
890 0.9648
900 0.9651
910 0.967
920 0.9627
930 0.9638
940 0.9657
950 0.9651
960 0.965
970 0.9678
980 0.9686
990 0.9638
