0 0.1082
10 0.7555
20 0.8264
30 0.8652
40 0.8778
50 0.8859
60 0.8938
70 0.896
80 0.899
90 0.9054
100 0.911
110 0.9114
120 0.9106
130 0.9194
140 0.9205
150 0.9225
160 0.9234
170 0.9249
180 0.9252
190 0.9294
200 0.9286
210 0.9318
220 0.9345
230 0.9313
240 0.9329
250 0.935
260 0.9381
270 0.9389
280 0.9348
290 0.9401
300 0.9379
310 0.9395
320 0.9397
330 0.9432
340 0.9393
350 0.9432
360 0.9456
370 0.9446
380 0.9461
390 0.9469
400 0.9464
410 0.9471
420 0.9483
430 0.9506
440 0.9508
450 0.9515
460 0.9505
470 0.9496
480 0.9521
490 0.9522
500 0.9503
510 0.9539
520 0.9503
530 0.9531
540 0.9529
550 0.9533
560 0.9532
570 0.9551
580 0.9561
590 0.9563
600 0.9543
610 0.9557
620 0.9575
630 0.9555
640 0.9575
650 0.9601
660 0.9584
670 0.9589
680 0.9578
690 0.9597
700 0.9605
710 0.9584
720 0.9598
730 0.958
740 0.9595
750 0.9586
760 0.9575
770 0.9591
780 0.9595
790 0.9595
800 0.9601
810 0.9624
820 0.9622
830 0.9631
840 0.9632
850 0.9638
860 0.9638
870 0.9639
880 0.9649
890 0.9639
900 0.9633
910 0.9657
920 0.9621
930 0.9628
940 0.9637
950 0.9642
960 0.9626
970 0.9642
980 0.9648
990 0.963
