0 0.1376
10 0.6909
20 0.7954
30 0.8284
40 0.8565
50 0.8681
60 0.8782
70 0.8843
80 0.8844
90 0.8961
100 0.8989
110 0.9042
120 0.906
130 0.9063
140 0.9102
150 0.9097
160 0.9146
170 0.9082
180 0.9168
190 0.9136
200 0.9187
210 0.9163
220 0.922
230 0.9189
240 0.9233
250 0.9252
260 0.9222
270 0.9219
280 0.9293
290 0.9267
300 0.9288
310 0.9291
320 0.9302
330 0.9302
340 0.932
350 0.9279
360 0.9369
370 0.9376
380 0.937
390 0.9392
400 0.9371
410 0.9395
420 0.9373
430 0.9393
440 0.9391
450 0.9395
460 0.9421
470 0.9404
480 0.9372
490 0.9391
500 0.9367
510 0.9401
520 0.9442
530 0.9455
540 0.9422
550 0.9407
560 0.9416
570 0.9442
580 0.9435
590 0.9448
600 0.9465
610 0.9463
620 0.9482
630 0.9481
640 0.9461
650 0.948
660 0.9487
670 0.948
680 0.9481
690 0.9488
700 0.9481
710 0.9483
720 0.9479
730 0.9471
740 0.9494
750 0.9494
760 0.9495
770 0.9526
780 0.9533
790 0.9498
800 0.9526
810 0.9553
820 0.9521
830 0.9548
840 0.9556
850 0.9562
860 0.9546
870 0.9554
880 0.9566
890 0.953
900 0.9565
910 0.9561
920 0.954
930 0.9567
940 0.9554
950 0.958
960 0.9561
970 0.956
980 0.9545
990 0.9577
