0 0.1199
10 0.7603
20 0.8415
30 0.8632
40 0.8787
50 0.8926
60 0.8999
70 0.9061
80 0.9112
90 0.9125
100 0.9123
110 0.9184
120 0.9236
130 0.9271
140 0.9263
150 0.9328
160 0.9319
170 0.9302
180 0.9302
190 0.9325
200 0.9316
210 0.9342
220 0.9397
230 0.938
240 0.9394
250 0.9422
260 0.943
270 0.9463
280 0.9445
290 0.9424
300 0.944
310 0.9424
320 0.9443
330 0.9471
340 0.943
350 0.9465
360 0.9509
370 0.9492
380 0.9529
390 0.9529
400 0.9533
410 0.952
420 0.9533
430 0.9531
440 0.9526
450 0.9521
460 0.9523
470 0.9512
480 0.956
490 0.9549
500 0.9563
510 0.9573
520 0.957
530 0.9573
540 0.9587
550 0.9571
560 0.9567
570 0.9578
580 0.9567
590 0.9566
600 0.9557
610 0.9603
620 0.9598
630 0.9601
640 0.9625
650 0.9616
660 0.9625
670 0.9632
680 0.9628
690 0.9609
700 0.9627
710 0.9634
720 0.9611
730 0.9617
740 0.9608
750 0.9627
760 0.9628
770 0.9625
780 0.9626
790 0.9641
800 0.9612
810 0.9627
820 0.9635
830 0.9643
840 0.9654
850 0.9655
860 0.9648
870 0.9665
880 0.9668
890 0.9666
900 0.9661
910 0.9664
920 0.9672
930 0.9676
940 0.9671
950 0.9683
960 0.9668
970 0.9683
980 0.9691
990 0.9677
