0 0.1174
10 0.73
20 0.8249
30 0.8495
40 0.8841
50 0.8782
60 0.8944
70 0.9056
80 0.9072
90 0.9089
100 0.9139
110 0.9151
120 0.9214
130 0.9195
140 0.9245
150 0.9223
160 0.9212
170 0.9271
180 0.9233
190 0.9288
200 0.9317
210 0.9347
220 0.9372
230 0.9365
240 0.9348
250 0.9374
260 0.9343
270 0.9411
280 0.941
290 0.9412
300 0.941
310 0.9402
320 0.9421
330 0.942
340 0.9447
350 0.9452
360 0.9471
370 0.9489
380 0.9494
390 0.9474
400 0.9493
410 0.9547
420 0.9492
430 0.9516
440 0.95
450 0.9513
460 0.9545
470 0.9567
480 0.9563
490 0.9578
500 0.9494
510 0.958
520 0.9586
530 0.959
540 0.9556
550 0.9585
560 0.96
570 0.9595
580 0.9598
590 0.9614
600 0.961
610 0.9578
620 0.9614
630 0.9601
640 0.9591
650 0.9605
660 0.9607
670 0.9611
680 0.9616
690 0.9631
700 0.962
710 0.9628
720 0.9623
730 0.962
740 0.9608
750 0.9604
760 0.9654
770 0.965
780 0.9637
790 0.9649
800 0.9663
810 0.9626
820 0.9644
830 0.9664
840 0.9676
850 0.9646
860 0.9656
870 0.9652
880 0.9653
890 0.9671
900 0.9661
910 0.9687
920 0.9676
930 0.9675
940 0.9673
950 0.9665
960 0.9663
970 0.9685
980 0.9663
990 0.9679
