0 0.1118
10 0.7286
20 0.8257
30 0.8662
40 0.8871
50 0.8913
60 0.8943
70 0.901
80 0.9076
90 0.9142
100 0.9123
110 0.9166
120 0.9224
130 0.9221
140 0.9289
150 0.9251
160 0.9286
170 0.9282
180 0.9298
190 0.9361
200 0.9351
210 0.9355
220 0.9368
230 0.9398
240 0.9379
250 0.9425
260 0.9423
270 0.9422
280 0.9444
290 0.9443
300 0.9405
310 0.9437
320 0.9453
330 0.9465
340 0.9452
350 0.9476
360 0.9481
370 0.9474
380 0.9482
390 0.9487
400 0.9512
410 0.9512
420 0.9536
430 0.9538
440 0.9523
450 0.9497
460 0.9554
470 0.9523
480 0.9549
490 0.9526
500 0.9574
510 0.9578
520 0.9561
530 0.9583
540 0.9531
550 0.959
560 0.9606
570 0.9584
580 0.9558
590 0.9588
600 0.9571
610 0.9567
620 0.9565
630 0.9583
640 0.9601
650 0.9604
660 0.9583
670 0.9617
680 0.9598
690 0.9605
700 0.9631
710 0.9625
720 0.9605
730 0.9615
740 0.9626
750 0.9653
760 0.9634
770 0.9628
780 0.9628
790 0.9625
800 0.9625
810 0.9655
820 0.9664
830 0.9647
840 0.9636
850 0.9629
860 0.9636
870 0.9659
880 0.9661
890 0.9637
900 0.9662
910 0.9658
920 0.9661
930 0.968
940 0.9672
950 0.9667
960 0.9674
970 0.9664
980 0.9675
990 0.9683
